1012256
1659248
2035748
1135748
735032
561576
512490
586906
524626
685216
527970
754824
612510
632012
505554
506856
868654
882900
591174
964664
770048
553668
1103748
1295248
2252248
2833248
2352748
2413248
1459248
1878248
1961748
2795248
1802248
1905748
2823748
3118748
3180748
2227748
2369748
2143248
2233748
2772748
2833248
3401248
3871248
2988748
3220248
2230748
2612248
2329748
2579248
2383248
1697248
977762
1681748
1093748
1972248
2462748
2217748
2826248
2925748
3427748
2829248
2653248
2784748
3630748
3538748
4169748
4934248
5245748
6100248
5699748
5932248
6215248
5238248
6097248
5745248
5735248
6469748
7413248
7311748
6515248
5875248
5863248
5887748
6126748
5630748
6599748
6589248
6197748
6036748
5554248
4866248
5208748
5951248
6822748
7117748
7980748
8692248
8412248
8932248
8287248
7385248
6492748
6411248
6217248
6125248
6262248
5296748
4624748
4954748
5944748
5055748
5034748
5301248
5042748
4368748
4477748
3880248
4464248
4336748
4585748
4942748
4366248
4026748
4755248
4845248
5161748
5329748
5921248
5030748
5972748
6376248
6279748
5336748
4520748
4613248
4932248
4891248
4884748
3885248
3562248
4433248
4402248
4219748
3737248
3451748
3999748
4227248
3950248
3859248
3215748
3874248
3841748
4714248
3807748
3591248
2923248
3545748
3892248
3987248
3316748
2887248
3835248
4658248
4265248
3382248
3256248
2343748
2201248
3110248
3388748
3901248
3791748
4301248
4317748
3833248
4253248
5090748
6069248
5259248
5208248
5235248
5937748
5020748
5120748
4444748
3499748
3721248
4653748
3954748
3268248
3789748
2938748
1959748
2628748
2763248
2402748
3227748
3305748
2734748
3301748
2429748
1910248
2032248
2137748
1171248
840676
1403748
618008
516256
684330
509252
513986
509502
909884
943848
772670
1663248
2391748
1550748
739146
1641748
1193248
1113748
1420248
1538248
1356748
2112248
1911748
1258748
2000248
2137248
1627248
899636
1502248
1958748
2176248
2874748
3231748
4169748
4017748
3209248
3683248
3778248
3268748
3597248
4139248
3760248
3329248
3877748
2934248
2599248
2232748
2068748
2764748
2986748
3142248
3161748
4062748
4844748
3951248
3379748
2930748
3460748
4316248
3720748
4294248
4502748
4355748
4919748
5545748
5799748
6484248
7291748
6715748
6723748
6096748
6963248
7919248
7614748
7923248
8565748
9202748
9632248
10489248
11258248
11759748
11500248
11060748
11718748
12436748
11539248
11443748
12294248
11420248
10945748
10808248
10506248
9572748
9201248
9047748
9372248
8922748
8523748
8855748
8266748
9048248
9200748
8399248
9040748
9213248
9150748
8992248
9602748
8953748
8961748
9234748
8901748
8062748
7664248
8470248
8979248
8350248
8364248
7823748
7216248
7929748
8374748
8344748
8869748
9811248
9322748
8536248
8182748
8063248
8701748
9673748
9557248
10452248
11181248
10445248
10204748
10059248
9447748
10405748
10120248
9616748
10176748
10248748
9898748
9022248
8692248
7703248
7568248
8338248
7674748
6733748
6022248
5401248
4717248
4400248
4530748
4628248
4318748
3944748
4944748
5537748
5832248
6221248
5341248
5578748
5661248
6159248
6731748
5877748
5389248
6338748
5808748
6225748
5314248
5715748
6338748
6750748
6729748
5770248
5376248
6015748
6045248
6657248
5843748
6547248
7221248
8060748
7835748
8691748
7716248
7103748
7098248
8061248
8999248
8630748
8184248
8343748
7408248
7223248
7613748
7725248
8466748
9114248
8658748
9292748
9474748
9562748
9920248
9363748
9019748
8936248
8406748
8427748
7733248
8481748
8091248
9064748
9931248
10329748
10710248
11555748
12445748
13351248
12562748
12690748
12752248
12925748
13097248
12245248
13148248
14109248
13796748
14479748
15017748
15976748
15127248
14603748
14856248
15721248
14799248
14144248
13495248
14227248
14055248
14339748
13586748
14007248
13918748
14795248
15649248
15374748
16050748
15430248
15601748
15270748
14809748
14969748
14425748
15005248
14048248
14627748
15191748
16059248
15871748
14973248
15912248
16818248
16763748
16976748
16254248
15348748
14894748
14668748
13833748
13895248
14845248
14473248
15393248
15392748
16130748
16823748
17338248
16719748
17566248
16905248
16655248
17375748
16381748
17012748
16901248
17563748
16898748
16875748
