 1  1  1  1
-- -- -- --
 0  0  0  0
 0  0  0  0
 0  0  0  0
 0  0  0  0
 0  0  0  0
 1  1  1  1

 1  1  2  2
-- -- -- --
 0  0  0  0
 0  0  0  0
 0  0  0  0
 0  0  0  0
 0  0  1  1
 1  1  0  0

 1  1  3  3
-- -- -- --
 0  0  0  0
 0  0  0  0
 0  0  0  0
 0  0  0  0
 0  0  1  1
 1  1  1  1

 1  1  4  4
-- -- -- --
 0  0  0  0
 0  0  0  0
 0  0  0  0
 0  0  1  1
 0  0  0  0
 1  1  0  0

 1  1  5  5
-- -- -- --
 0  0  0  0
 0  0  0  0
 0  0  0  0
 0  0  1  1
 0  0  0  0
 1  1  1  1

 1  1  6  6
-- -- -- --
 0  0  0  0
 0  0  0  0
 0  0  0  0
 0  0  1  1
 0  0  1  1
 1  1  0  0

 1  1  7  7
-- -- -- --
 0  0  0  0
 0  0  0  0
 0  0  0  0
 0  0  1  1
 0  0  1  1
 1  1  1  1

 1  1  8  8
-- -- -- --
 0  0  0  0
 0  0  0  0
 0  0  1  1
 0  0  0  0
 0  0  0  0
 1  1  0  0

 1  1  9  9
-- -- -- --
 0  0  0  0
 0  0  0  0
 0  0  1  1
 0  0  0  0
 0  0  0  0
 1  1  1  1

 1  1 10 10
-- -- -- --
 0  0  0  0
 0  0  0  0
 0  0  1  1
 0  0  0  0
 0  0  1  1
 1  1  0  0

 1  1 11 11
-- -- -- --
 0  0  0  0
 0  0  0  0
 0  0  1  1
 0  0  0  0
 0  0  1  1
 1  1  1  1

 1  1 12 12
-- -- -- --
 0  0  0  0
 0  0  0  0
 0  0  1  1
 0  0  1  1
 0  0  0  0
 1  1  0  0

 1  1 13 13
-- -- -- --
 0  0  0  0
 0  0  0  0
 0  0  1  1
 0  0  1  1
 0  0  0  0
 1  1  1  1

 1  1 14 14
-- -- -- --
 0  0  0  0
 0  0  0  0
 0  0  1  1
 0  0  1  1
 0  0  1  1
 1  1  0  0

 1  1 15 15
-- -- -- --
 0  0  0  0
 0  0  0  0
 0  0  1  1
 0  0  1  1
 0  0  1  1
 1  1  1  1

 1  1 16 16
-- -- -- --
 0  0  0  0
 0  0  1  1
 0  0  0  0
 0  0  0  0
 0  0  0  0
 1  1  0  0

 1  2  4  7
-- -- -- --
 0  0  0  0
 0  0  0  0
 0  0  0  0
 0  0  1  1
 0  1  0  1
 1  0  0  1

 1  2  5  6
-- -- -- --
 0  0  0  0
 0  0  0  0
 0  0  0  0
 0  0  1  1
 0  1  0  1
 1  0  1  0

 1  2  8 11
-- -- -- --
 0  0  0  0
 0  0  0  0
 0  0  1  1
 0  0  0  0
 0  1  0  1
 1  0  0  1

 1  2  9 10
-- -- -- --
 0  0  0  0
 0  0  0  0
 0  0  1  1
 0  0  0  0
 0  1  0  1
 1  0  1  0

 1  2 12 15
-- -- -- --
 0  0  0  0
 0  0  0  0
 0  0  1  1
 0  0  1  1
 0  1  0  1
 1  0  0  1

 1  2 13 14
-- -- -- --
 0  0  0  0
 0  0  0  0
 0  0  1  1
 0  0  1  1
 0  1  0  1
 1  0  1  0

 1  2 16 19
-- -- -- --
 0  0  0  0
 0  0  1  1
 0  0  0  0
 0  0  0  0
 0  1  0  1
 1  0  0  1

 1  3  4  6
-- -- -- --
 0  0  0  0
 0  0  0  0
 0  0  0  0
 0  0  1  1
 0  1  0  1
 1  1  0  0

 1  3  5  7
-- -- -- --
 0  0  0  0
 0  0  0  0
 0  0  0  0
 0  0  1  1
 0  1  0  1
 1  1  1  1

 1  3  8 10
-- -- -- --
 0  0  0  0
 0  0  0  0
 0  0  1  1
 0  0  0  0
 0  1  0  1
 1  1  0  0

 1  3  9 11
-- -- -- --
 0  0  0  0
 0  0  0  0
 0  0  1  1
 0  0  0  0
 0  1  0  1
 1  1  1  1

 1  3 12 14
-- -- -- --
 0  0  0  0
 0  0  0  0
 0  0  1  1
 0  0  1  1
 0  1  0  1
 1  1  0  0

 1  3 13 15
-- -- -- --
 0  0  0  0
 0  0  0  0
 0  0  1  1
 0  0  1  1
 0  1  0  1
 1  1  1  1

 1  3 16 18
-- -- -- --
 0  0  0  0
 0  0  1  1
 0  0  0  0
 0  0  0  0
 0  1  0  1
 1  1  0  0

 1  4  8 13
-- -- -- --
 0  0  0  0
 0  0  0  0
 0  0  1  1
 0  1  0  1
 0  0  0  0
 1  0  0  1

 1  4  9 12
-- -- -- --
 0  0  0  0
 0  0  0  0
 0  0  1  1
 0  1  0  1
 0  0  0  0
 1  0  1  0

 1  4 10 15
-- -- -- --
 0  0  0  0
 0  0  0  0
 0  0  1  1
 0  1  0  1
 0  0  1  1
 1  0  0  1

 1  4 11 14
-- -- -- --
 0  0  0  0
 0  0  0  0
 0  0  1  1
 0  1  0  1
 0  0  1  1
 1  0  1  0

 1  4 16 21
-- -- -- --
 0  0  0  0
 0  0  1  1
 0  0  0  0
 0  1  0  1
 0  0  0  0
 1  0  0  1

 1  5  8 12
-- -- -- --
 0  0  0  0
 0  0  0  0
 0  0  1  1
 0  1  0  1
 0  0  0  0
 1  1  0  0

 1  5  9 13
-- -- -- --
 0  0  0  0
 0  0  0  0
 0  0  1  1
 0  1  0  1
 0  0  0  0
 1  1  1  1

 1  5 10 14
-- -- -- --
 0  0  0  0
 0  0  0  0
 0  0  1  1
 0  1  0  1
 0  0  1  1
 1  1  0  0

 1  5 11 15
-- -- -- --
 0  0  0  0
 0  0  0  0
 0  0  1  1
 0  1  0  1
 0  0  1  1
 1  1  1  1

 1  5 16 20
-- -- -- --
 0  0  0  0
 0  0  1  1
 0  0  0  0
 0  1  0  1
 0  0  0  0
 1  1  0  0

 1  6  8 15
-- -- -- --
 0  0  0  0
 0  0  0  0
 0  0  1  1
 0  1  0  1
 0  1  0  1
 1  0  0  1

 1  6  9 14
-- -- -- --
 0  0  0  0
 0  0  0  0
 0  0  1  1
 0  1  0  1
 0  1  0  1
 1  0  1  0

 1  6 10 13
-- -- -- --
 0  0  0  0
 0  0  0  0
 0  0  1  1
 0  1  0  1
 0  1  1  0
 1  0  0  1

 1  6 11 12
-- -- -- --
 0  0  0  0
 0  0  0  0
 0  0  1  1
 0  1  0  1
 0  1  1  0
 1  0  1  0

 1  6 16 23
-- -- -- --
 0  0  0  0
 0  0  1  1
 0  0  0  0
 0  1  0  1
 0  1  0  1
 1  0  0  1

 1  7  8 14
-- -- -- --
 0  0  0  0
 0  0  0  0
 0  0  1  1
 0  1  0  1
 0  1  0  1
 1  1  0  0

 1  7  9 15
-- -- -- --
 0  0  0  0
 0  0  0  0
 0  0  1  1
 0  1  0  1
 0  1  0  1
 1  1  1  1

 1  7 10 12
-- -- -- --
 0  0  0  0
 0  0  0  0
 0  0  1  1
 0  1  0  1
 0  1  1  0
 1  1  0  0

 1  7 11 13
-- -- -- --
 0  0  0  0
 0  0  0  0
 0  0  1  1
 0  1  0  1
 0  1  1  0
 1  1  1  1

 1  7 16 22
-- -- -- --
 0  0  0  0
 0  0  1  1
 0  0  0  0
 0  1  0  1
 0  1  0  1
 1  1  0  0

 1  8 16 25
-- -- -- --
 0  0  0  0
 0  0  1  1
 0  1  0  1
 0  0  0  0
 0  0  0  0
 1  0  0  1

 2  2  2  2
-- -- -- --
 0  0  0  0
 0  0  0  0
 0  0  0  0
 0  0  0  0
 1  1  1  1
 0  0  0  0

 2  2  3  3
-- -- -- --
 0  0  0  0
 0  0  0  0
 0  0  0  0
 0  0  0  0
 1  1  1  1
 0  0  1  1

 2  2  4  4
-- -- -- --
 0  0  0  0
 0  0  0  0
 0  0  0  0
 0  0  1  1
 1  1  0  0
 0  0  0  0

 2  2  5  5
-- -- -- --
 0  0  0  0
 0  0  0  0
 0  0  0  0
 0  0  1  1
 1  1  0  0
 0  0  1  1

 2  2  6  6
-- -- -- --
 0  0  0  0
 0  0  0  0
 0  0  0  0
 0  0  1  1
 1  1  1  1
 0  0  0  0

 2  2  7  7
-- -- -- --
 0  0  0  0
 0  0  0  0
 0  0  0  0
 0  0  1  1
 1  1  1  1
 0  0  1  1

 2  2  8  8
-- -- -- --
 0  0  0  0
 0  0  0  0
 0  0  1  1
 0  0  0  0
 1  1  0  0
 0  0  0  0

 2  2  9  9
-- -- -- --
 0  0  0  0
 0  0  0  0
 0  0  1  1
 0  0  0  0
 1  1  0  0
 0  0  1  1

 2  2 10 10
-- -- -- --
 0  0  0  0
 0  0  0  0
 0  0  1  1
 0  0  0  0
 1  1  1  1
 0  0  0  0

 2  2 11 11
-- -- -- --
 0  0  0  0
 0  0  0  0
 0  0  1  1
 0  0  0  0
 1  1  1  1
 0  0  1  1

 2  2 12 12
-- -- -- --
 0  0  0  0
 0  0  0  0
 0  0  1  1
 0  0  1  1
 1  1  0  0
 0  0  0  0

 2  2 13 13
-- -- -- --
 0  0  0  0
 0  0  0  0
 0  0  1  1
 0  0  1  1
 1  1  0  0
 0  0  1  1

 2  2 14 14
-- -- -- --
 0  0  0  0
 0  0  0  0
 0  0  1  1
 0  0  1  1
 1  1  1  1
 0  0  0  0

 2  2 15 15
-- -- -- --
 0  0  0  0
 0  0  0  0
 0  0  1  1
 0  0  1  1
 1  1  1  1
 0  0  1  1

 2  2 16 16
-- -- -- --
 0  0  0  0
 0  0  1  1
 0  0  0  0
 0  0  0  0
 1  1  0  0
 0  0  0  0

 2  3  4  5
-- -- -- --
 0  0  0  0
 0  0  0  0
 0  0  0  0
 0  0  1  1
 1  1  0  0
 0  1  0  1

 2  3  6  7
-- -- -- --
 0  0  0  0
 0  0  0  0
 0  0  0  0
 0  0  1  1
 1  1  1  1
 0  1  0  1

 2  3  8  9
-- -- -- --
 0  0  0  0
 0  0  0  0
 0  0  1  1
 0  0  0  0
 1  1  0  0
 0  1  0  1

 2  3 10 11
-- -- -- --
 0  0  0  0
 0  0  0  0
 0  0  1  1
 0  0  0  0
 1  1  1  1
 0  1  0  1

 2  3 12 13
-- -- -- --
 0  0  0  0
 0  0  0  0
 0  0  1  1
 0  0  1  1
 1  1  0  0
 0  1  0  1

 2  3 14 15
-- -- -- --
 0  0  0  0
 0  0  0  0
 0  0  1  1
 0  0  1  1
 1  1  1  1
 0  1  0  1

 2  3 16 17
-- -- -- --
 0  0  0  0
 0  0  1  1
 0  0  0  0
 0  0  0  0
 1  1  0  0
 0  1  0  1

 2  4  8 14
-- -- -- --
 0  0  0  0
 0  0  0  0
 0  0  1  1
 0  1  0  1
 1  0  0  1
 0  0  0  0

 2  4  9 15
-- -- -- --
 0  0  0  0
 0  0  0  0
 0  0  1  1
 0  1  0  1
 1  0  0  1
 0  0  1  1

 2  4 10 12
-- -- -- --
 0  0  0  0
 0  0  0  0
 0  0  1  1
 0  1  0  1
 1  0  1  0
 0  0  0  0

 2  4 11 13
-- -- -- --
 0  0  0  0
 0  0  0  0
 0  0  1  1
 0  1  0  1
 1  0  1  0
 0  0  1  1

 2  4 16 22
-- -- -- --
 0  0  0  0
 0  0  1  1
 0  0  0  0
 0  1  0  1
 1  0  0  1
 0  0  0  0

 2  5  8 15
-- -- -- --
 0  0  0  0
 0  0  0  0
 0  0  1  1
 0  1  0  1
 1  0  0  1
 0  1  0  1

 2  5  9 14
-- -- -- --
 0  0  0  0
 0  0  0  0
 0  0  1  1
 0  1  0  1
 1  0  0  1
 0  1  1  0

 2  5 10 13
-- -- -- --
 0  0  0  0
 0  0  0  0
 0  0  1  1
 0  1  0  1
 1  0  1  0
 0  1  0  1

 2  5 11 12
-- -- -- --
 0  0  0  0
 0  0  0  0
 0  0  1  1
 0  1  0  1
 1  0  1  0
 0  1  1  0

 2  5 16 23
-- -- -- --
 0  0  0  0
 0  0  1  1
 0  0  0  0
 0  1  0  1
 1  0  0  1
 0  1  0  1

 2  6  8 12
-- -- -- --
 0  0  0  0
 0  0  0  0
 0  0  1  1
 0  1  0  1
 1  1  0  0
 0  0  0  0

 2  6  9 13
-- -- -- --
 0  0  0  0
 0  0  0  0
 0  0  1  1
 0  1  0  1
 1  1  0  0
 0  0  1  1

 2  6 10 14
-- -- -- --
 0  0  0  0
 0  0  0  0
 0  0  1  1
 0  1  0  1
 1  1  1  1
 0  0  0  0

 2  6 11 15
-- -- -- --
 0  0  0  0
 0  0  0  0
 0  0  1  1
 0  1  0  1
 1  1  1  1
 0  0  1  1

 2  6 16 20
-- -- -- --
 0  0  0  0
 0  0  1  1
 0  0  0  0
 0  1  0  1
 1  1  0  0
 0  0  0  0

 2  7  8 13
-- -- -- --
 0  0  0  0
 0  0  0  0
 0  0  1  1
 0  1  0  1
 1  1  0  0
 0  1  0  1

 2  7  9 12
-- -- -- --
 0  0  0  0
 0  0  0  0
 0  0  1  1
 0  1  0  1
 1  1  0  0
 0  1  1  0

 2  7 10 15
-- -- -- --
 0  0  0  0
 0  0  0  0
 0  0  1  1
 0  1  0  1
 1  1  1  1
 0  1  0  1

 2  7 11 14
-- -- -- --
 0  0  0  0
 0  0  0  0
 0  0  1  1
 0  1  0  1
 1  1  1  1
 0  1  1  0

 2  7 16 21
-- -- -- --
 0  0  0  0
 0  0  1  1
 0  0  0  0
 0  1  0  1
 1  1  0  0
 0  1  0  1

 2  8 16 26
-- -- -- --
 0  0  0  0
 0  0  1  1
 0  1  0  1
 0  0  0  0
 1  0  0  1
 0  0  0  0

 3  3  3  3
-- -- -- --
 0  0  0  0
 0  0  0  0
 0  0  0  0
 0  0  0  0
 1  1  1  1
 1  1  1  1

 3  3  4  4
-- -- -- --
 0  0  0  0
 0  0  0  0
 0  0  0  0
 0  0  1  1
 1  1  0  0
 1  1  0  0

 3  3  5  5
-- -- -- --
 0  0  0  0
 0  0  0  0
 0  0  0  0
 0  0  1  1
 1  1  0  0
 1  1  1  1

 3  3  6  6
-- -- -- --
 0  0  0  0
 0  0  0  0
 0  0  0  0
 0  0  1  1
 1  1  1  1
 1  1  0  0

 3  3  7  7
-- -- -- --
 0  0  0  0
 0  0  0  0
 0  0  0  0
 0  0  1  1
 1  1  1  1
 1  1  1  1

 3  3  8  8
-- -- -- --
 0  0  0  0
 0  0  0  0
 0  0  1  1
 0  0  0  0
 1  1  0  0
 1  1  0  0

 3  3  9  9
-- -- -- --
 0  0  0  0
 0  0  0  0
 0  0  1  1
 0  0  0  0
 1  1  0  0
 1  1  1  1

 3  3 10 10
-- -- -- --
 0  0  0  0
 0  0  0  0
 0  0  1  1
 0  0  0  0
 1  1  1  1
 1  1  0  0

 3  3 11 11
-- -- -- --
 0  0  0  0
 0  0  0  0
 0  0  1  1
 0  0  0  0
 1  1  1  1
 1  1  1  1

 3  3 12 12
-- -- -- --
 0  0  0  0
 0  0  0  0
 0  0  1  1
 0  0  1  1
 1  1  0  0
 1  1  0  0

 3  3 13 13
-- -- -- --
 0  0  0  0
 0  0  0  0
 0  0  1  1
 0  0  1  1
 1  1  0  0
 1  1  1  1

 3  3 14 14
-- -- -- --
 0  0  0  0
 0  0  0  0
 0  0  1  1
 0  0  1  1
 1  1  1  1
 1  1  0  0

 3  3 15 15
-- -- -- --
 0  0  0  0
 0  0  0  0
 0  0  1  1
 0  0  1  1
 1  1  1  1
 1  1  1  1

 3  3 16 16
-- -- -- --
 0  0  0  0
 0  0  1  1
 0  0  0  0
 0  0  0  0
 1  1  0  0
 1  1  0  0

 3  4  8 15
-- -- -- --
 0  0  0  0
 0  0  0  0
 0  0  1  1
 0  1  0  1
 1  0  0  1
 1  0  0  1

 3  4  9 14
-- -- -- --
 0  0  0  0
 0  0  0  0
 0  0  1  1
 0  1  0  1
 1  0  0  1
 1  0  1  0

 3  4 10 13
-- -- -- --
 0  0  0  0
 0  0  0  0
 0  0  1  1
 0  1  0  1
 1  0  1  0
 1  0  0  1

 3  4 11 12
-- -- -- --
 0  0  0  0
 0  0  0  0
 0  0  1  1
 0  1  0  1
 1  0  1  0
 1  0  1  0

 3  4 16 23
-- -- -- --
 0  0  0  0
 0  0  1  1
 0  0  0  0
 0  1  0  1
 1  0  0  1
 1  0  0  1

 3  5  8 14
-- -- -- --
 0  0  0  0
 0  0  0  0
 0  0  1  1
 0  1  0  1
 1  0  0  1
 1  1  0  0

 3  5  9 15
-- -- -- --
 0  0  0  0
 0  0  0  0
 0  0  1  1
 0  1  0  1
 1  0  0  1
 1  1  1  1

 3  5 10 12
-- -- -- --
 0  0  0  0
 0  0  0  0
 0  0  1  1
 0  1  0  1
 1  0  1  0
 1  1  0  0

 3  5 11 13
-- -- -- --
 0  0  0  0
 0  0  0  0
 0  0  1  1
 0  1  0  1
 1  0  1  0
 1  1  1  1

 3  5 16 22
-- -- -- --
 0  0  0  0
 0  0  1  1
 0  0  0  0
 0  1  0  1
 1  0  0  1
 1  1  0  0

 3  6  8 13
-- -- -- --
 0  0  0  0
 0  0  0  0
 0  0  1  1
 0  1  0  1
 1  1  0  0
 1  0  0  1

 3  6  9 12
-- -- -- --
 0  0  0  0
 0  0  0  0
 0  0  1  1
 0  1  0  1
 1  1  0  0
 1  0  1  0

 3  6 10 15
-- -- -- --
 0  0  0  0
 0  0  0  0
 0  0  1  1
 0  1  0  1
 1  1  1  1
 1  0  0  1

 3  6 11 14
-- -- -- --
 0  0  0  0
 0  0  0  0
 0  0  1  1
 0  1  0  1
 1  1  1  1
 1  0  1  0

 3  6 16 21
-- -- -- --
 0  0  0  0
 0  0  1  1
 0  0  0  0
 0  1  0  1
 1  1  0  0
 1  0  0  1

 3  7  8 12
-- -- -- --
 0  0  0  0
 0  0  0  0
 0  0  1  1
 0  1  0  1
 1  1  0  0
 1  1  0  0

 3  7  9 13
-- -- -- --
 0  0  0  0
 0  0  0  0
 0  0  1  1
 0  1  0  1
 1  1  0  0
 1  1  1  1

 3  7 10 14
-- -- -- --
 0  0  0  0
 0  0  0  0
 0  0  1  1
 0  1  0  1
 1  1  1  1
 1  1  0  0

 3  7 11 15
-- -- -- --
 0  0  0  0
 0  0  0  0
 0  0  1  1
 0  1  0  1
 1  1  1  1
 1  1  1  1

 3  7 16 20
-- -- -- --
 0  0  0  0
 0  0  1  1
 0  0  0  0
 0  1  0  1
 1  1  0  0
 1  1  0  0

 3  8 16 27
-- -- -- --
 0  0  0  0
 0  0  1  1
 0  1  0  1
 0  0  0  0
 1  0  0  1
 1  0  0  1

 4  4  4  4
-- -- -- --
 0  0  0  0
 0  0  0  0
 0  0  0  0
 1  1  1  1
 0  0  0  0
 0  0  0  0

 4  4  5  5
-- -- -- --
 0  0  0  0
 0  0  0  0
 0  0  0  0
 1  1  1  1
 0  0  0  0
 0  0  1  1

 4  4  6  6
-- -- -- --
 0  0  0  0
 0  0  0  0
 0  0  0  0
 1  1  1  1
 0  0  1  1
 0  0  0  0

 4  4  7  7
-- -- -- --
 0  0  0  0
 0  0  0  0
 0  0  0  0
 1  1  1  1
 0  0  1  1
 0  0  1  1

 4  4  8  8
-- -- -- --
 0  0  0  0
 0  0  0  0
 0  0  1  1
 1  1  0  0
 0  0  0  0
 0  0  0  0

 4  4  9  9
-- -- -- --
 0  0  0  0
 0  0  0  0
 0  0  1  1
 1  1  0  0
 0  0  0  0
 0  0  1  1

 4  4 10 10
-- -- -- --
 0  0  0  0
 0  0  0  0
 0  0  1  1
 1  1  0  0
 0  0  1  1
 0  0  0  0

 4  4 11 11
-- -- -- --
 0  0  0  0
 0  0  0  0
 0  0  1  1
 1  1  0  0
 0  0  1  1
 0  0  1  1

 4  4 12 12
-- -- -- --
 0  0  0  0
 0  0  0  0
 0  0  1  1
 1  1  1  1
 0  0  0  0
 0  0  0  0

 4  4 13 13
-- -- -- --
 0  0  0  0
 0  0  0  0
 0  0  1  1
 1  1  1  1
 0  0  0  0
 0  0  1  1

 4  4 14 14
-- -- -- --
 0  0  0  0
 0  0  0  0
 0  0  1  1
 1  1  1  1
 0  0  1  1
 0  0  0  0

 4  4 15 15
-- -- -- --
 0  0  0  0
 0  0  0  0
 0  0  1  1
 1  1  1  1
 0  0  1  1
 0  0  1  1

 4  4 16 16
-- -- -- --
 0  0  0  0
 0  0  1  1
 0  0  0  0
 1  1  0  0
 0  0  0  0
 0  0  0  0

 4  5  6  7
-- -- -- --
 0  0  0  0
 0  0  0  0
 0  0  0  0
 1  1  1  1
 0  0  1  1
 0  1  0  1

 4  5  8  9
-- -- -- --
 0  0  0  0
 0  0  0  0
 0  0  1  1
 1  1  0  0
 0  0  0  0
 0  1  0  1

 4  5 10 11
-- -- -- --
 0  0  0  0
 0  0  0  0
 0  0  1  1
 1  1  0  0
 0  0  1  1
 0  1  0  1

 4  5 12 13
-- -- -- --
 0  0  0  0
 0  0  0  0
 0  0  1  1
 1  1  1  1
 0  0  0  0
 0  1  0  1

 4  5 14 15
-- -- -- --
 0  0  0  0
 0  0  0  0
 0  0  1  1
 1  1  1  1
 0  0  1  1
 0  1  0  1

 4  5 16 17
-- -- -- --
 0  0  0  0
 0  0  1  1
 0  0  0  0
 1  1  0  0
 0  0  0  0
 0  1  0  1

 4  6  8 10
-- -- -- --
 0  0  0  0
 0  0  0  0
 0  0  1  1
 1  1  0  0
 0  1  0  1
 0  0  0  0

 4  6  9 11
-- -- -- --
 0  0  0  0
 0  0  0  0
 0  0  1  1
 1  1  0  0
 0  1  0  1
 0  0  1  1

 4  6 12 14
-- -- -- --
 0  0  0  0
 0  0  0  0
 0  0  1  1
 1  1  1  1
 0  1  0  1
 0  0  0  0

 4  6 13 15
-- -- -- --
 0  0  0  0
 0  0  0  0
 0  0  1  1
 1  1  1  1
 0  1  0  1
 0  0  1  1

 4  6 16 18
-- -- -- --
 0  0  0  0
 0  0  1  1
 0  0  0  0
 1  1  0  0
 0  1  0  1
 0  0  0  0

 4  7  8 11
-- -- -- --
 0  0  0  0
 0  0  0  0
 0  0  1  1
 1  1  0  0
 0  1  0  1
 0  1  0  1

 4  7  9 10
-- -- -- --
 0  0  0  0
 0  0  0  0
 0  0  1  1
 1  1  0  0
 0  1  0  1
 0  1  1  0

 4  7 12 15
-- -- -- --
 0  0  0  0
 0  0  0  0
 0  0  1  1
 1  1  1  1
 0  1  0  1
 0  1  0  1

 4  7 13 14
-- -- -- --
 0  0  0  0
 0  0  0  0
 0  0  1  1
 1  1  1  1
 0  1  0  1
 0  1  1  0

 4  7 16 19
-- -- -- --
 0  0  0  0
 0  0  1  1
 0  0  0  0
 1  1  0  0
 0  1  0  1
 0  1  0  1

 4  8 16 28
-- -- -- --
 0  0  0  0
 0  0  1  1
 0  1  0  1
 1  0  0  1
 0  0  0  0
 0  0  0  0

6800 : 6959
