50
1
0
0
1
1
1
2
11
10
01
3
110
101
111
001
4
1110
0000
0000
0011
0000
5
11110
01111
10011
10101
10110
10010
6
100001
001000
100101
000111
001010
000001
011000
7
0000101
0000000
0100000
0010000
0000001
0000110
0110010
1001010
8
11111111
11111111
11111111
11111111
11111101
11111111
11111111
11111111
11111011
9
000010011
010000101
010100001
101000011
001000110
110001100
100000111
101100111
011010101
011001111
10
0011111111
0100010110
1000101001
0100100100
1100000010
1000001001
1101000111
1101010011
1100100001
1101100111
1010110001
11
11111110111
11001111011
10111111111
01111011010
11111111111
11111100011
11111011111
11101111111
11111001101
10011111111
11101111100
01110001111
12
111011110000
111010110001
101010111000
111101011101
111100010111
101111011000
101110100111
111011111101
101110010111
111011111100
110110111111
101110011111
111111110110
13
0110111111101
0011111010111
1101111111101
1101111110010
0111001101111
0111111010111
1001111111111
1111111111111
1101110101010
1111111111111
1011100101111
1111011111000
1011010111011
1111111111001
14
11111111111111
11111111111111
11111111111111
11111111111111
10011111111111
11111110111111
11111111111111
11111111111111
11111111111111
11111111111111
11111111111111
11111111111111
11111111111111
10111111111111
11111111111111
15
000001111101101
101000010100010
001110010100001
111001101100011
000110000111111
010000010011110
010001000100100
110111101100111
001011011001100
001010010100001
110011101000110
110011000101100
111010000111110
101111100101011
111111001011011
111100000000110
16
1111110101011110
1001110111111010
0111111111111011
1111111111111111
1110111110111110
1111110111101010
0111111111111111
1111111111111111
0111110000011111
0011111101101101
1101001111100111
0111011010110101
1011111011111101
0011111001011101
0111011111111111
1110110111101000
1111010110111111
16
0000011010001011
0000110000000000
0001000001000110
0011000010000000
0000000000000101
0000110100110010
0000000100001100
0110010110100100
1010110000001000
1001001110000100
1001000000100010
1010110001010110
1000100001000100
0111100010000000
0110000111100000
1000000000011001
1000001000000100
16
1110100101111010
1110101111110110
0000011110111011
1001110110110011
1010111100011100
1100010001101110
1100110110101101
1110111111000100
0101100011000101
1100001011010100
1111001101110001
1011101110011101
1010011111011010
1101111011001010
1110001101000001
0111101001100010
1111000111011011
16
1100011110101000
0111011100111101
1000111110000111
0001110110001101
0010011101110011
1111111101101010
1001111101101111
1011010111100110
1000100000111011
0010010011111111
1101010111111001
1100001111010111
1101011110100101
1111101101011101
0011011111110101
0011000111111111
1110110111000000
16
0010000111101101
0000000000000000
1011000000001000
0010011011000010
1110100100010110
1110000010011000
0000101000010100
1000001110101101
1101011000001011
0000010001000100
0000010000001000
1100000100010010
0101100000100000
1000010100010000
0001101001101101
0001001010000000
1011000110010011
16
1111111111010111
1111011111111111
1111011111111111
1110111111111111
1111111111011111
1111111111111110
1101111111111111
1111111111111111
1111111111111111
0011111111111111
1011111001111111
1111111111011111
1111111111111111
1111111111101011
1110111111111111
1111111111111111
1111111111111111
16
1010010010110000
1000101100101000
0010101100000000
0100001010010010
0010000001000000
0000001001000010
1000000000001001
0001000001000000
0000010010000010
1000100000010010
0000000000111000
0000000000000000
0101101000100100
0001000010010100
0101000100000000
1000100100011010
0010000010000000
16
0110010010110000
0000011001001100
1110000100100010
0001100100000010
0100000001001001
0010100000010000
0011000100001000
1000000101101000
0001100010000100
0100101000001010
1010000001000100
0011001000011100
0010001010001000
0000001010010000
0010101000001000
0000010100000000
1110000100010000
16
1111000010111010
0111000010001000
1110000000001000
1110000001000100
0100100000110110
1111101000001100
1001100000000110
1100111101111001
1110000011011101
1001001010100000
0001000111110001
1110110000010010
0111101000001011
1000010000111100
0100001110101111
0110111011011011
1110101001011100
16
0111011111110111
0001101011100101
0111111010110111
0101101111111110
1111111101101110
1111011111111111
1110111010011101
1111110111101111
1110111011110101
1001111101110111
1111001011111111
1110011101111111
1101111111001001
1110010111101101
0111011010101111
1011111110011111
1111111110110100
16
1011100101111101
1101111101111011
1101101111011001
1111111101101111
0100001111101101
0110010111111110
0101110000111111
1010111110111111
0111011110010111
1011101100011101
0110111011101011
1100110100001111
1011110110111011
1101110101010111
1000101111101011
0110111111111110
0011010001111011
16
1101101111111110
1111011111111011
1110111111110111
0101111001110101
1100111100110110
1111111001101111
1111101011111111
1110011111111101
0111111111101011
0111111111011111
0100000111111111
1110110110011110
0110111111011100
1111100111101111
1111010111011111
1101111111111111
1111111111111011
16
1101110100110111
0011111110101100
1010011100001110
0010111101101011
1111111111111000
1101011110111111
1111010111111100
1011011001011100
0100111111101101
0100110111011111
1111111011111111
1100110111101101
1101111111111011
1011111111111111
1101010101010110
0011110101011011
1111110111111100
16
1111110111111111
1111101111111111
1111111111010111
1101111111111111
1111111111101111
1111111111111111
1111111111101111
1111111111111111
1111111111111111
1111111101111111
1110111111111111
1101111111111111
1111111111111111
1111111101111111
1111111011101111
1111111111111111
1111110111111101
16
0001001010111011
0000011010001010
1100001000000010
0100000100111000
1000000011000001
0000000100000100
0011000000001000
0101011010000000
1100110000000101
0000001100010111
1011100100110000
1100010001000101
1001001101100000
0110101101101101
0001000100101001
0010001001001101
1011110111001100
16
0000010101110011
0001001100011000
0100010110101001
0010010100001000
1100001010000000
1011011000010010
0000000010110011
0100000100000111
0010100101101101
1011100001101000
0010001110001001
0010010110000100
1010100100101101
0010010100001100
0011100110000000
1110101001010000
0000001010100001
16
1101101111111110
1001011111101100
0110111111000101
1010101111011110
1111111111101101
1011111110000110
0001110000001011
1010110101011101
0100101111010011
0101110101010110
0110101001111011
0010100101110100
1001101111110110
0100110111101011
1011111010111101
1100101110110100
1010011010111000
16
0011111011101110
0111010111100111
0100101010101101
0110101011001111
1010010010011111
1100110111101111
1001011110111111
0011010000101001
0111100001110000
1110111001011011
1101001011111000
0001101100001011
1011101101111010
1111011010111010
1010100001110101
1110011101010100
0101101001111100
16
0001111110010011
0011000011000110
0000101001110000
0010000011001000
0000000101000010
0101010110000000
1001111110001101
0000111010111011
0100010101011000
0011001011101101
1011100001011011
1111000010010110
0100001001011101
0000010011110100
1011001010010000
1000000110000100
0000011000100101
16
1111111111111111
1111111011111111
1111111111111111
1111111111111111
1111111111111111
1111111111111111
1111111111111111
1111111111111111
1111111111111111
1011111111111111
1111111011111111
1111111111111111
1110111111111111
1111111111111111
1111111111111111
1111111111111111
1111111111111111
16
0011101001011111
0111111111010111
1110111110111111
1011110011011111
1101110011110111
0101101111111111
1101111101011011
1110011111011011
1001110111110011
1111111100110111
1011111110101111
1000111011111111
1111111010111110
0111111010111000
1011111011111111
1110101011011111
1111111111111111
16
1100001010010000
0101010110000011
0010001001101100
1011101000100010
1011000010101011
0101101010000000
1000001000010001
1101000000010100
0110010100000010
0111000100010011
1001000001011011
1101001110110100
0010001100001001
0010000101010010
1100000100010000
1001110101111110
1100000000110001
16
1010011101010111
0101000101010000
1000011000101010
0011011100000011
1010101010100001
0010100010010100
0011111010100010
0111000000001100
0111100101110000
1001000011111101
0001000111001100
1101100100001000
0000000000100011
0110011100101011
0101010101110001
0100011101000010
0001111000000111
16
1111111111111000
0111111111111111
1110011110011011
1101111111111111
0101110101110011
1001110100011111
1001111001111100
0111001001101001
0110100101111111
0001011111010110
1011111111100111
1001111010111111
1101011000001111
1111110111111011
0101111101011111
1101111111111110
0110110011011011
16
0010100001010111
0001011100100110
1010000110000010
0010000010011000
1100010110001000
1000001100110000
0011010110000001
1001000011011010
0101000010000000
0010110000011000
1111001000000001
1110110001111000
1000101100000100
0010100000011001
1110110001010011
1000100110100000
0000001101000000
16
1110000001001000
0000011010001000
0000100000001010
0000001010000100
0000010000100100
0100000001000100
0000000110010100
0000000001000100
0001010000100000
0001000000100101
0001100000100001
1001010000000000
0100000100001010
1001001001011010
0100000000010011
0001010000010001
0000000100010000
16
0000011001100111
0101000001110000
0111111011011111
1000000100000100
0111011100111110
0001011010101010
1101000000011111
0000110111011111
0010100101001100
1010100011001010
1110001110111101
1111101101001010
0110001101001011
1101100011100011
1011011011001100
1001010110101010
0011101011111100
16
1111111111111111
1111001101111111
1111111111111110
1101111110111111
1111111111111111
0111101111111111
1011111111111111
1111111111111111
1011111111101110
0011111111111111
1111111001101111
1111111111111111
1011110111111011
1111111110111111
0111101111111111
1111111111100011
1111011111011111
16
0001000000000100
0000000000100010
0000000000000000
0000001000000000
0110010000000000
0000000001000000
0000000010000000
0000000000000000
0000000001000000
0000000100000000
0000000000001000
0000001000000000
0000000000000000
0000000000000000
1000100000010001
0001000000000000
0000000000000000
16
1101111111111110
1101101011100110
1110000010011111
0110110111101001
0101111110100111
0110111110111111
1111101001110111
1010110110110111
0111111010010111
1101111111101111
1011000111110101
1010111111111011
1000011111100101
1011110011011111
1010111111001010
1111101111000111
1111011011101101
16
1111111111111111
1111111111111111
1111111111111111
1111111111111111
1111111111111111
1111111111111111
1111111111111111
1111111111111111
1111111111111111
1111111111111111
1111111111111111
1111111111111111
1101111111111111
1111111111111111
1111111111111111
1111111111111111
1111111111111111
16
0000110000000000
0000001000000010
0000001000000000
0100000000000010
0000000101100001
0011000011000110
1000000000010000
0100000000000000
1010000000000000
0000000000000000
0000010000001000
0000000000000000
1001001000000000
1001000000000000
0100000000000100
0000000000000001
0010000000000000
16
1100100000100010
0000000000001100
0000000000000000
0000000000000000
0000000010000010
0100001110110000
0000000001000010
0101000000000001
0000010000100000
0000000000000000
0011000001000001
0000000000000000
0001000101000000
0100000100010001
0010010000000000
0000000000011000
1010100010000000
16
1100101101110011
1111111010101111
1000111111111111
0111101110111101
1001110011111010
0111111110111101
1101110111110111
1101100111111111
1101110111110111
1011111101100111
1111010101111111
1111011111111111
0101111111101110
1011011111110011
1110011011001110
0110111111111011
1011110111111110
